test          metal median      head median  ratio   metal rounds | head rounds
apoa1ljpme            33.9             40.5  1.192   33.9 33.9 33.9 | 40.5 40.5 40.4
apoa1pme              47.0             54.6  1.163   46.9 47.0 47.0 | 54.6 54.6 54.6
apoa1rf               59.0             69.4  1.175   59.1 58.9 59.0 | 69.2 69.4 69.4
gbsa                 387.5            416.1  1.074   385.9 387.9 387.5 | 416.1 413.4 417.0
pme                  199.4            208.1  1.043   199.4 199.7 199.4 | 208.1 207.8 208.2
rf                   253.1            253.3  1.001   253.1 253.8 252.7 | 253.9 253.2 253.3

test          metal median nopostcommit median  ratio   metal rounds | nopostcommit rounds
apoa1ljpme            33.9             40.5  1.192   33.9 33.9 33.9 | 40.5 40.5 40.4
apoa1pme              47.0             54.5  1.160   46.9 47.0 47.0 | 54.7 54.4 54.5
apoa1rf               59.0             69.3  1.173   59.1 58.9 59.0 | 69.3 69.3 69.2
gbsa                 387.5            413.2  1.066   385.9 387.9 387.5 | 413.2 414.7 413.2
pme                  199.4            207.8  1.042   199.4 199.7 199.4 | 208.0 207.5 207.8
rf                   253.1            253.9  1.003   253.1 253.8 252.7 | 253.9 253.8 254.0

