## dhfr rc 1.0 pad 0.08: NB=737, median sum of half-sizes 1.201
scheme  B  warps  cand_max  cand_p99  k_max  chunks_max  singles_max  tiles  tile_atoms  model_max_us  model_p99_us  model_sum_ms  owned
tri  1  737  127  125  2319  24  77  9832  302918  207  201  82.0  50962
tri  2  1474  76  70  1502  12  50  10177  302918  132  115  82.0  50962
tri  4  2948  54  39  1052  6  34  10800  302918  93  67  82.0  50962
wrap  1  737  225  102  1587  13  69  10017  309618  211  146  79.0  50962
wrap  2  1474  117  56  968  7  36  10399  309618  108  81  79.0  50962
wrap  4  2948  62  35  790  4  29  11122  309618  70  57  79.0  50962
hyb1.5(K=729,tail=8)  1  737  104  94  1587  12  59  9997  308843  155  144  79.6  50962
hyb1.5(K=729,tail=8)  2  1474  61  53  970  6  36  10372  308843  96  83  79.6  50962
hyb1.5(K=729,tail=8)  4  2948  49  35  798  3  28  11063  308843  72  58  79.6  50962
hyb2.0(K=735,tail=2)  1  737  129  99  1587  12  69  10001  309410  161  145  79.3  50962
hyb2.0(K=735,tail=2)  2  1474  67  56  958  6  36  10395  309410  92  84  79.3  50962
hyb2.0(K=735,tail=2)  4  2948  47  37  798  3  28  11083  309410  72  59  79.3  50962
## dhfr rc 1.0 pad 0.14: NB=737, median sum of half-sizes 1.201
scheme  B  warps  cand_max  cand_p99  k_max  chunks_max  singles_max  tiles  tile_atoms  model_max_us  model_p99_us  model_sum_ms  owned
tri  1  737  139  133  2563  24  85  11361  352249  228  219  89.6  55140
tri  2  1474  82  75  1651  12  52  11702  352249  143  127  89.6  55140
tri  4  2948  57  42  1145  6  33  12290  352249  98  72  89.6  55140
wrap  1  737  241  107  1742  13  73  11589  359677  228  157  86.4  55140
wrap  2  1474  126  59  1062  7  39  11947  359677  116  87  86.4  55140
wrap  4  2948  63  37  856  4  29  12672  359677  74  60  86.4  55140
hyb1.5(K=729,tail=8)  1  737  109  100  1742  12  62  11551  358727  167  155  87.0  55140
hyb1.5(K=729,tail=8)  2  1474  68  57  1049  6  39  11913  358727  104  90  87.0  55140
hyb1.5(K=729,tail=8)  4  2948  52  37  880  3  33  12671  358727  78  63  87.0  55140
hyb2.0(K=735,tail=2)  1  737  141  105  1742  12  73  11577  359391  175  157  86.7  55140
hyb2.0(K=735,tail=2)  2  1474  74  59  1037  6  39  11930  359391  99  90  86.7  55140
hyb2.0(K=735,tail=2)  4  2948  49  38  880  3  33  12689  359391  78  63  86.7  55140
## dhfr rc 0.9 pad 0.08: NB=737, median sum of half-sizes 1.201
scheme  B  warps  cand_max  cand_p99  k_max  chunks_max  singles_max  tiles  tile_atoms  model_max_us  model_p99_us  model_sum_ms  owned
tri  1  737  117  109  1989  24  67  7376  224529  177  170  70.1  45237
tri  2  1474  70  62  1236  12  45  7716  224529  118  98  70.1  45237
tri  4  2948  45  36  893  6  30  8302  224529  79  58  70.1  45237
wrap  1  737  205  91  1289  13  54  7540  229734  188  124  67.5  45237
wrap  2  1474  105  49  807  7  32  7913  229734  97  72  67.5  45237
wrap  4  2948  59  32  667  4  26  8578  229734  63  49  67.5  45237
hyb1.5(K=729,tail=8)  1  737  94  84  1289  12  51  7517  229238  134  122  68.0  45237
hyb1.5(K=729,tail=8)  2  1474  56  47  828  6  32  7871  229238  80  72  68.0  45237
hyb1.5(K=729,tail=8)  4  2948  41  32  699  3  27  8557  229238  66  52  68.0  45237
hyb2.0(K=735,tail=2)  1  737  120  87  1289  12  54  7538  229652  140  123  67.7  45237
hyb2.0(K=735,tail=2)  2  1474  62  50  824  6  32  7903  229652  80  73  67.7  45237
hyb2.0(K=735,tail=2)  4  2948  44  34  699  3  27  8565  229652  66  52  67.7  45237
## dhfr rc 0.9 pad 0.14: NB=737, median sum of half-sizes 1.201
scheme  B  warps  cand_max  cand_p99  k_max  chunks_max  singles_max  tiles  tile_atoms  model_max_us  model_p99_us  model_sum_ms  owned
tri  1  737  121  116  2147  24  74  8550  262077  192  185  75.9  48002
tri  2  1474  73  66  1380  12  47  8881  262077  124  107  75.9  48002
tri  4  2948  50  38  984  6  33  9495  262077  86  63  75.9  48002
wrap  1  737  216  95  1437  13  60  8736  268024  201  135  73.1  48002
wrap  2  1474  111  51  885  7  33  9072  268024  102  77  73.1  48002
wrap  4  2948  60  34  725  4  27  9817  268024  65  52  73.1  48002
hyb1.5(K=729,tail=8)  1  737  96  89  1437  12  57  8722  267400  145  133  73.7  48002
hyb1.5(K=729,tail=8)  2  1474  59  50  896  6  34  9059  267400  89  78  73.7  48002
hyb1.5(K=729,tail=8)  4  2948  45  33  752  3  29  9763  267400  69  55  73.7  48002
hyb2.0(K=735,tail=2)  1  737  126  92  1437  12  60  8732  267884  151  134  73.4  48002
hyb2.0(K=735,tail=2)  2  1474  65  53  881  6  34  9079  267884  86  78  73.4  48002
hyb2.0(K=735,tail=2)  4  2948  46  35  752  3  29  9771  267884  69  56  73.4  48002
## dhfr rc 0.9 pad 0.08, padding lanes load the block first atom: NB=737, median sum of half-sizes 1.201
scheme  B  warps  cand_max  cand_p99  k_max  chunks_max  singles_max  tiles  tile_atoms  model_max_us  model_p99_us  model_sum_ms  owned
tri  1  737  116  111  2009  24  64  7384  225037  178  171  69.5  44963
tri  2  1474  91  69  1674  12  49  7718  225037  145  117  69.5  44963
tri  4  2948  66  44  1182  6  40  8335  225037  111  74  69.5  44963
wrap  1  737  211  92  1328  13  59  7543  229702  193  132  67.1  44963
wrap  2  1474  123  54  949  7  40  7883  229702  110  82  67.1  44963
wrap  4  2948  81  39  896  4  34  8557  229702  82  61  67.1  44963
hyb1.5(K=730,tail=7)  1  737  106  89  1353  12  56  7526  229206  142  129  67.6  44963
hyb1.5(K=730,tail=7)  2  1474  62  52  985  6  38  7866  229206  99  78  67.6  44963
hyb1.5(K=730,tail=7)  4  2948  55  37  939  3  34  8535  229206  90  62  67.6  44963
hyb2.0(K=736,tail=1)  1  737  127  92  1328  12  59  7537  229630  148  130  67.3  44963
hyb2.0(K=736,tail=1)  2  1474  80  52  985  6  39  7897  229630  99  79  67.3  44963
hyb2.0(K=736,tail=1)  4  2948  58  38  939  3  34  8549  229630  90  63  67.3  44963
dhfr exit 0
