## apoa1 pme capture (apoa1pme and apoa1ljpme lists): N=92224 rc=0.9
scheme pad maxbits B  tiles  empty_slots  active_steps  act/tile  tile_pairs_real  singles  singles_real  real_frac
tri 0.08 4 1  28488  43765  893334  31.36  10721980  965174  376357  0.390
tri 0.08 4 2  29879  88277  920672  30.81  10721980  965174  376357  0.390
tri 0.08 4 4  32472  171253  968062  29.81  10721980  965174  376357  0.390
tri 0.08 2 1  34274  44713  1064726  31.07  11027719  339208  70618  0.208
tri 0.08 2 2  35622  87849  1088391  30.55  11027719  339208  70618  0.208
tri 0.08 2 4  38325  174345  1128895  29.46  11027719  339208  70618  0.208
tri 0.08 1 1  37364  44249  1152957  30.86  11079491  140520  18846  0.134
tri 0.08 1 2  38731  87993  1174221  30.32  11079491  140520  18846  0.134
tri 0.08 1 4  41397  173305  1211238  29.26  11079491  140520  18846  0.134
tri 0.08 0 1  41766  44593  1266367  30.32  11098337  0  0  0.000
tri 0.08 0 2  43184  89969  1284638  29.75  11098337  0  0  0.000
tri 0.08 0 4  45823  174417  1314886  28.69  11098337  0  0  0.000
  tri 0.08 mb4 real pairs per tile slot, counts for k=0..12: [4536, 18210, 33376, 55071, 58699, 56302, 57687, 45483, 41024, 40771, 34789, 32126, 31800] mean 12.35
  tri 0.08 mb2 real pairs per tile slot, counts for k=0..12: [35200, 75708, 79212, 99326, 64650, 56302, 57687, 45483, 41024, 40771, 34789, 32126, 31800] mean 10.48
  tri 0.08 mb1 real pairs per tile slot, counts for k=0..12: [92279, 108466, 88719, 99326, 64650, 56302, 57687, 45483, 41024, 40771, 34789, 32126, 31800] mean 9.62
  tri 0.08 mb0 real pairs per tile slot, counts for k=0..12: [213953, 127312, 88719, 99326, 64650, 56302, 57687, 45483, 41024, 40771, 34789, 32126, 31800] mean 8.59
  (7 s)
tri 0.12 4 1  31370  44156  979499  31.22  10860850  1020157  237487  0.233
tri 0.12 4 4  35449  174684  1049253  29.60  10860850  1020157  237487  0.233
tri 0.12 0 1  45364  44380  1346697  29.69  11098337  0  0  0.000
tri 0.12 0 4  49463  175548  1389079  28.08  11098337  0  0  0.000
  tri 0.12 mb4 real pairs per tile slot, counts for k=0..12: [24851, 47624, 53438, 73907, 61905, 56302, 57687, 45483, 41024, 40771, 34789, 32126, 31800] mean 11.32
  tri 0.12 mb0 real pairs per tile slot, counts for k=0..12: [329302, 127312, 88719, 99326, 64650, 56302, 57687, 45483, 41024, 40771, 34789, 32126, 31800] mean 7.89
  (5 s)
tri 0.16 4 1  34433  44268  1069201  31.05  10952173  1073015  146164  0.136
tri 0.16 4 4  38452  172876  1132729  29.46  10952173  1073015  146164  0.136
tri 0.16 0 1  49138  44416  1420319  28.90  11098337  0  0  0.000
tri 0.16 0 4  53196  174272  1456686  27.38  11098337  0  0  0.000
  tri 0.16 mb4 real pairs per tile slot, counts for k=0..12: [70508, 74631, 66057, 85313, 63120, 56302, 57687, 45483, 41024, 40771, 34789, 32126, 31800] mean 10.36
  tri 0.16 mb0 real pairs per tile slot, counts for k=0..12: [450034, 127312, 88719, 99326, 64650, 56302, 57687, 45483, 41024, 40771, 34789, 32126, 31800] mean 7.26
  (5 s)
wrap 0.08 4 1  29395  44531  917601  31.22  10647188  1081590  451150  0.417
wrap 0.08 4 2  30800  89491  945321  30.69  10647188  1081590  451150  0.417
wrap 0.08 4 4  33570  178131  993766  29.60  10647188  1081590  451150  0.417
wrap 0.08 0 1  44178  45573  1324839  29.99  11098338  0  0  0.000
wrap 0.08 0 2  45549  89445  1340921  29.44  11098338  0  0  0.000
wrap 0.08 0 4  48308  177733  1369559  28.35  11098338  0  0  0.000
  wrap 0.08 mb4 real pairs per tile slot, counts for k=0..12: [4584, 18266, 33854, 57735, 63037, 60876, 64541, 49032, 44009, 44450, 37763, 33675, 34054] mean 11.88
  wrap 0.08 mb0 real pairs per tile slot, counts for k=0..12: [227758, 138730, 97545, 113171, 72286, 60876, 64541, 49032, 44009, 44450, 37763, 33675, 34054] mean 8.11
  (6 s)
## dhfr (pme test): N=23558 rc=0.9
scheme pad maxbits B  tiles  empty_slots  active_steps  act/tile  tile_pairs_real  singles  singles_real  real_frac
tri 0.08 4 1  7354  11315  230705  31.37  2719351  262291  104306  0.398
tri 0.08 4 2  7703  22483  238261  30.93  2719351  262291  104306  0.398
tri 0.08 4 4  8279  40915  248610  30.03  2719351  262291  104306  0.398
tri 0.08 2 1  8948  11325  279012  31.18  2805395  90015  18262  0.203
tri 0.08 2 2  9265  21469  284004  30.65  2805395  90015  18262  0.203
tri 0.08 2 4  9918  42365  293783  29.62  2805395  90015  18262  0.203
tri 0.08 1 1  9794  11631  302796  30.92  2819438  36483  4219  0.116
tri 0.08 1 2  10146  22895  307515  30.31  2819438  36483  4219  0.116
tri 0.08 1 4  10770  42863  315592  29.30  2819438  36483  4219  0.116
tri 0.08 0 1  10937  11724  332593  30.41  2823657  0  0  0.000
tri 0.08 0 2  11284  22828  336444  29.82  2823657  0  0  0.000
tri 0.08 0 4  11916  43052  343524  28.83  2823657  0  0  0.000
  tri 0.08 mb4 real pairs per tile slot, counts for k=0..12: [1376, 4324, 7979, 14757, 15846, 14768, 15784, 11944, 10878, 11051, 8941, 8395, 8206] mean 12.14
  tri 0.08 mb2 real pairs per tile slot, counts for k=0..12: [9890, 19032, 21233, 28017, 17108, 14768, 15784, 11944, 10878, 11051, 8941, 8395, 8206] mean 10.20
  tri 0.08 mb1 real pairs per tile slot, counts for k=0..12: [25154, 27993, 23774, 28017, 17108, 14768, 15784, 11944, 10878, 11051, 8941, 8395, 8206] mean 9.34
  tri 0.08 mb0 real pairs per tile slot, counts for k=0..12: [57418, 32212, 23774, 28017, 17108, 14768, 15784, 11944, 10878, 11051, 8941, 8395, 8206] mean 8.35
  (2 s)
tri 0.12 4 1  8115  11445  253959  31.30  2756652  278665  67005  0.240
tri 0.12 4 4  9068  41941  270796  29.86  2756652  278665  67005  0.240
tri 0.12 0 1  11915  11963  355060  29.80  2823657  0  0  0.000
tri 0.12 0 4  12872  42587  363462  28.24  2823657  0  0  0.000
  tri 0.12 mb4 real pairs per tile slot, counts for k=0..12: [7093, 11298, 13058, 20396, 16659, 14768, 15784, 11944, 10878, 11051, 8941, 8395, 8206] mean 11.11
  tri 0.12 mb0 real pairs per tile slot, counts for k=0..12: [88475, 32212, 23774, 28017, 17108, 14768, 15784, 11944, 10878, 11051, 8941, 8395, 8206] mean 7.65
  (1 s)
tri 0.16 4 1  8910  10911  277567  31.15  2782462  294072  41195  0.140
tri 0.16 4 4  9898  42527  292568  29.56  2782462  294072  41195  0.140
tri 0.16 0 1  12908  11155  374286  29.00  2823657  0  0  0.000
tri 0.16 0 4  13914  43347  381888  27.45  2823657  0  0  0.000
  tri 0.16 mb4 real pairs per tile slot, counts for k=0..12: [18959, 17795, 16830, 23983, 16911, 14768, 15784, 11944, 10878, 11051, 8941, 8395, 8206] mean 10.15
  tri 0.16 mb0 real pairs per tile slot, counts for k=0..12: [121059, 32212, 23774, 28017, 17108, 14768, 15784, 11944, 10878, 11051, 8941, 8395, 8206] mean 7.03
  (1 s)
wrap 0.08 4 1  7503  11213  234967  31.32  2703514  284292  120143  0.423
wrap 0.08 4 2  7884  23405  242788  30.80  2703514  284292  120143  0.423
wrap 0.08 4 4  8538  44333  254904  29.86  2703514  284292  120143  0.423
wrap 0.08 0 1  11363  11494  343438  30.22  2823657  0  0  0.000
wrap 0.08 0 2  11718  22854  347160  29.63  2823657  0  0  0.000
wrap 0.08 0 4  12432  45702  354962  28.55  2823657  0  0  0.000
  wrap 0.08 mb4 real pairs per tile slot, counts for k=0..12: [1337, 4289, 7913, 15245, 16623, 15721, 16966, 12664, 11445, 11716, 9250, 8866, 8689] mean 11.81
  wrap 0.08 mb0 real pairs per tile slot, counts for k=0..12: [59193, 34548, 25181, 31321, 18403, 15721, 16966, 12664, 11445, 11716, 9250, 8866, 8689] mean 8.02
  (1 s)
